304440 2766440 0
304440 2766440 10.6
304440 2766480 8
304440 2766520 10.1
304440 2766560 9.1
304440 2766600 10
304440 2766640 10.7
304440 2766680 12.2
304440 2766720 11.5
304440 2766760 17.9
304440 2766800 21.2
304440 2766840 25.3
304440 2766880 21
304440 2766920 15.7
304440 2766960 12.1
304440 2767000 11
304440 2767040 10.5
304440 2767080 11.3
304440 2767120 9.9
304440 2767160 10.8
304440 2767200 11.2
304440 2767240 11.6
304480 2766440 9.4
304480 2766480 7.9
304480 2766520 9.8
304480 2766560 9.6
304480 2766600 9.9
304480 2766640 10.4
304480 2766680 12.7
304480 2766720 20.5
304480 2766760 30.4
304480 2766800 30.3
304480 2766840 40.2
304480 2766880 28.6
304480 2766920 23.6
304480 2766960 13.6
304480 2767000 11
304480 2767040 10.5
304480 2767080 10.6
304480 2767120 9.9
304480 2767160 10.8
304480 2767200 11.1
304480 2767240 11.6
304520 2766440 9.2
304520 2766480 7.9
304520 2766520 9.6
304520 2766560 10.2
304520 2766600 9.8
304520 2766640 11.1
304520 2766680 21.2
304520 2766720 30.1
304520 2766760 45.3
304520 2766800 57.5
304520 2766840 61.5
304520 2766880 44
304520 2766920 30
304520 2766960 16.2
304520 2767000 11.8
304520 2767040 10.5
304520 2767080 10.5
304520 2767120 9.9
304520 2767160 10.3
304520 2767200 11.2
304520 2767240 11.6
304560 2766440 9.2
304560 2766480 8
304560 2766520 9.6
304560 2766560 11.8
304560 2766600 13
304560 2766640 25.3
304560 2766680 40.1
304560 2766720 51.9
304560 2766760 70.7
304560 2766800 89.1
304560 2766840 82.4
304560 2766880 57.5
304560 2766920 40.2
304560 2766960 24
304560 2767000 12.2
304560 2767040 10.6
304560 2767080 10.5
304560 2767120 9.9
304560 2767160 10.3
304560 2767200 11.6
304560 2767240 11.5
304600 2766440 11.3
304600 2766480 10.1
304600 2766520 10.9
304600 2766560 15.6
304600 2766600 36.1
304600 2766640 50.9
304600 2766680 62.7
304600 2766720 77
304600 2766760 99.5
304600 2766800 111.2
304600 2766840 93.6
304600 2766880 67.7
304600 2766920 46.8
304600 2766960 25.5
304600 2767000 12.3
304600 2767040 10.5
304600 2767080 10.5
304600 2767120 9.9
304600 2767160 9.9
304600 2767200 10.7
304600 2767240 11.2
304640 2766440 8.9
304640 2766480 9
304640 2766520 13.6
304640 2766560 29.7
304640 2766600 41.2
304640 2766640 52.6
304640 2766680 74.5
304640 2766720 83.3
304640 2766760 104
304640 2766800 115
304640 2766840 87.4
304640 2766880 70.1
304640 2766920 46.9
304640 2766960 29
304640 2767000 12.7
304640 2767040 10.1
304640 2767080 10.4
304640 2767120 9.9
304640 2767160 9.8
304640 2767200 10.7
304640 2767240 11
304680 2766440 8.8
304680 2766480 10
304680 2766520 13.6
304680 2766560 20.5
304680 2766600 34.5
304680 2766640 48.7
304680 2766680 62
304680 2766720 85.3
304680 2766760 104.9
304680 2766800 107.9
304680 2766840 85.6
304680 2766880 59.8
304680 2766920 44.2
304680 2766960 26.8
304680 2767000 12.3
304680 2767040 10.2
304680 2767080 10.4
304680 2767120 9.9
304680 2767160 9.8
304680 2767200 10.7
304680 2767240 10.7
304720 2766440 8.8
304720 2766480 10
304720 2766520 10.7
304720 2766560 17.5
304720 2766600 31.8
304720 2766640 47.7
304720 2766680 69.3
304720 2766720 80
304720 2766760 95.7
304720 2766800 95.3
304720 2766840 78.5
304720 2766880 54.2
304720 2766920 40.6
304720 2766960 26.6
304720 2767000 12.4
304720 2767040 10.3
304720 2767080 10.4
304720 2767120 10
304720 2767160 9.8
304720 2767200 10.9
304720 2767240 10.6
304760 2766440 8.8
304760 2766480 10.8
304760 2766520 11.6
304760 2766560 19
304760 2766600 35.7
304760 2766640 45.9
304760 2766680 61.3
304760 2766720 77.7
304760 2766760 89.2
304760 2766800 96.5
304760 2766840 85.3
304760 2766880 56.6
304760 2766920 41.5
304760 2766960 34.6
304760 2767000 16.2
304760 2767040 10.7
304760 2767080 10.4
304760 2767120 10
304760 2767160 9.8
304760 2767200 11.2
304760 2767240 10.7
304800 2766440 8.9
304800 2766480 12.1
304800 2766520 15.7
304800 2766560 19.6
304800 2766600 27.9
304800 2766640 38.6
304800 2766680 58.4
304800 2766720 73.6
304800 2766760 89.8
304800 2766800 102.8
304800 2766840 90.7
304800 2766880 71.2
304800 2766920 64.4
304800 2766960 44.4
304800 2767000 21.3
304800 2767040 12
304800 2767080 11.5
304800 2767120 10
304800 2767160 9.8
304800 2767200 10.4
304800 2767240 10.6
304840 2766440 12.8
304840 2766480 13.9
304840 2766520 20.1
304840 2766560 27.2
304840 2766600 34.1
304840 2766640 49.2
304840 2766680 69.9
304840 2766720 87.1
304840 2766760 103.5
304840 2766800 115.4
304840 2766840 109.5
304840 2766880 92.6
304840 2766920 69.4
304840 2766960 45.3
304840 2767000 37.7
304840 2767040 27.6
304840 2767080 14.1
304840 2767120 9.9
304840 2767160 9.7
304840 2767200 10.4
304840 2767240 10.6
304880 2766440 13.9
304880 2766480 16.2
304880 2766520 19.9
304880 2766560 37.1
304880 2766600 42.5
304880 2766640 57.5
304880 2766680 73.3
304880 2766720 85.4
304880 2766760 97.4
304880 2766800 109.7
304880 2766840 124
304880 2766880 111.7
304880 2766920 83.1
304880 2766960 58.4
304880 2767000 66.9
304880 2767040 49.7
304880 2767080 32.4
304880 2767120 11.3
304880 2767160 10.6
304880 2767200 10.6
304880 2767240 10.6
304920 2766440 15.8
304920 2766480 19.9
304920 2766520 29.6
304920 2766560 40.3
304920 2766600 50.4
304920 2766640 65.7
304920 2766680 82.5
304920 2766720 94.4
304920 2766760 116
304920 2766800 117.5
304920 2766840 108.6
304920 2766880 106.7
304920 2766920 94
304920 2766960 86.6
304920 2767000 80.9
304920 2767040 59.6
304920 2767080 43.2
304920 2767120 30.5
304920 2767160 17.1
304920 2767200 10.7
304920 2767240 10.5
304960 2766440 31.6
304960 2766480 33.1
304960 2766520 40.9
304960 2766560 46.2
304960 2766600 60.2
304960 2766640 70.4
304960 2766680 81.5
304960 2766720 93.8
304960 2766760 108.3
304960 2766800 98.6
304960 2766840 93.4
304960 2766880 95.5
304960 2766920 85.4
304960 2766960 81.3
304960 2767000 83.6
304960 2767040 77
304960 2767080 63.6
304960 2767120 42.8
304960 2767160 24.1
304960 2767200 10.9
304960 2767240 10.5
305000 2766440 47.5
305000 2766480 49
305000 2766520 58
305000 2766560 67.4
305000 2766600 72.2
305000 2766640 80.6
305000 2766680 92
305000 2766720 103.5
305000 2766760 114.9
305000 2766800 100.8
305000 2766840 71.1
305000 2766880 67.4
305000 2766920 57.4
305000 2766960 67.2
305000 2767000 74
305000 2767040 68.7
305000 2767080 67.8
305000 2767120 43
305000 2767160 22.5
305000 2767200 11.4
305000 2767240 11.9
305040 2766440 49.7
305040 2766480 42.6
305040 2766520 50
305040 2766560 63.8
305040 2766600 69.1
305040 2766640 76.3
305040 2766680 86.6
305040 2766720 95.6
305040 2766760 104.4
305040 2766800 100.2
305040 2766840 72.5
305040 2766880 51.2
305040 2766920 43.1
305040 2766960 52.7
305040 2767000 52.8
305040 2767040 55.2
305040 2767080 53.2
305040 2767120 35.2
305040 2767160 16.6
305040 2767200 11.2
305040 2767240 11.9
305080 2766440 40.7
305080 2766480 31.5
305080 2766520 39.9
305080 2766560 53.2
305080 2766600 64.1
305080 2766640 74.1
305080 2766680 74.2
305080 2766720 86.6
305080 2766760 96.6
305080 2766800 100.8
305080 2766840 81.6
305080 2766880 55
305080 2766920 36.2
305080 2766960 42.6
305080 2767000 36.6
305080 2767040 38.6
305080 2767080 35.2
305080 2767120 27.7
305080 2767160 11.6
305080 2767200 11.1
305080 2767240 11.5
305120 2766440 30.7
305120 2766480 23.9
305120 2766520 29
305120 2766560 43.7
305120 2766600 56.2
305120 2766640 62.4
305120 2766680 65.9
305120 2766720 80.1
305120 2766760 94.5
305120 2766800 99.5
305120 2766840 81.8
305120 2766880 55
305120 2766920 40.7
305120 2766960 24.9
305120 2767000 23.2
305120 2767040 25.8
305120 2767080 24.3
305120 2767120 21.4
305120 2767160 11.3
305120 2767200 10.8
305120 2767240 11.4
305160 2766440 31.6
305160 2766480 22.9
305160 2766520 24.3
305160 2766560 34.6
305160 2766600 38.7
305160 2766640 45.2
305160 2766680 61.9
305160 2766720 79.1
305160 2766760 85.3
305160 2766800 97.8
305160 2766840 89.8
305160 2766880 63.4
305160 2766920 49.4
305160 2766960 29.3
305160 2767000 19.2
305160 2767040 14.5
305160 2767080 13.4
305160 2767120 12.6
305160 2767160 11.1
305160 2767200 10.9
305160 2767240 11.4
305200 2766440 25.5
305200 2766480 19.3
305200 2766520 16.8
305200 2766560 18.8
305200 2766600 28.6
305200 2766640 44.4
305200 2766680 57.2
305200 2766720 70.1
305200 2766760 83
305200 2766800 91.9
305200 2766840 98
305200 2766880 75
305200 2766920 51.9
305200 2766960 35.3
305200 2767000 23.9
305200 2767040 15.7
305200 2767080 13.2
305200 2767120 12.3
305200 2767160 11
305200 2767200 10.8
305200 2767240 11.4
305240 2766440 35.2
305240 2766480 14.5
305240 2766520 14.1
305240 2766560 18
305240 2766600 28.8
305240 2766640 42.4
305240 2766680 57
305240 2766720 68
305240 2766760 73.4
305240 2766800 78.6
305240 2766840 89.3
305240 2766880 87.2
305240 2766920 67
305240 2766960 44.4
305240 2767000 43.6
305240 2767040 34.4
305240 2767080 21.2
305240 2767120 13.7
305240 2767160 11.7
305240 2767200 11
305240 2767240 11.5
305280 2766440 20.3
305280 2766480 14.1
305280 2766520 17.5
305280 2766560 27.2
305280 2766600 44.4
305280 2766640 53.9
305280 2766680 54.2
305280 2766720 56.4
305280 2766760 60.6
305280 2766800 68.6
305280 2766840 75.9
305280 2766880 87.2
305280 2766920 88.7
305280 2766960 71.9
305280 2767000 61.9
305280 2767040 39.5
305280 2767080 25.9
305280 2767120 22.7
305280 2767160 32.1
305280 2767200 14.9
305280 2767240 11.9
305320 2766440 11.3
305320 2766480 12.5
305320 2766520 22.3
305320 2766560 41.7
305320 2766600 45
305320 2766640 42
305320 2766680 40.9
305320 2766720 47.4
305320 2766760 47.4
305320 2766800 58.2
305320 2766840 68
305320 2766880 81.1
305320 2766920 91
305320 2766960 83.3
305320 2767000 60.4
305320 2767040 42.7
305320 2767080 47.8
305320 2767120 44.2
305320 2767160 33.2
305320 2767200 16.4
305320 2767240 11.9
